2206251
2206250
2206235
2206123
2206348
2206251
2206250
2206235
2206123
2206348
2206251
2206250
2206235
2206123
2206348
2206251
2206250
2206235
2206123
2206348
2206251
2206250
2206235
2206123
2206348
2206251
2206250
2206235
2206123
2206348
2206251
2206250
2206235
2206123
2206348
2206251
2206250
2206235
2206123
2206348
2206251
2206250
2206235
2206123
2206348
2206251
2206250
2206235
2206123
2206348
2206251
2206250
2206235
2206123
2206348
2206251
2206250
2206235
2206123
2206348
2206251
2206250
2206235
2206123
2206348
2206251
2206250
2206235
2206123
2206348
2206251
2206250
2206235
2206123
2206348
2206251
2206250
2206235
2206123
2206348
2206251
2206250
2206235
2206123
2206348
2206251
2206250
2206235
2206123
2206348
2206251
2206250
2206235
2206123
2206348
2206251
2206250
2206235
2206123
2206348
2206251
2206250
2206235
2206123
2206348
2206251
2206250
2206235
2206123
2206348

